R = 1000;
C = 1E-6;