L= 0.001;
g = 9.81;